Image after cycle: 0
                                               
                                               
                                               
                                               
                               1               
                               1               
                              111              
                             11111             
                            1111111            
                           111111111           
                          11111111111          
                         1111111111111         
                        111111111111111        
                      1111111111111111111      
                        111111111111111        
                         1111111111111         
    1              1      11111111111          
     11111111111111        111111111           
     11111111111111         1111111            
     11111111111111          11111             
     11111111111111           111              
     11111111111111            1               
     11111111111111            1               
     11111111111111            1               
     11111111111111            1               
    1              1          111              
                             11111             
                            1111111            
                           111111111           
                          11111111111          
                         1111111111111         
                        111111111111111        
                      1111111111111111111      
                        111111111111111        
                         1111111111111         
                          11111111111          
                           111111111           
                            1111111            
                             11111             
                              111              
                               1               
                               1               
                                               
                                               
                                               
                                               
                                               

After cycle: 0, changeflag = true
After cycle: 1, changeflag = true
After cycle: 2, changeflag = true
Image after cycle: 3
                                               
                                               
                                               
                                               
                               1               
                               1               
                               1               
                               1               
                               1               
                              111              
                             11111             
                            1111111            
                           111111111           
                      1111111111111111111      
                           111111111           
                            1111111            
    1              1         11111             
     1            1           111              
      1          1             1               
       1        1              1               
        11111111               1               
        11111111               1               
       1        1              1               
      1          1             1               
     1            1            1               
    1              1           1               
                               1               
                               1               
                              111              
                             11111             
                            1111111            
                           111111111           
                      1111111111111111111      
                           111111111           
                            1111111            
                             11111             
                              111              
                               1               
                               1               
                               1               
                               1               
                               1               
                                               
                                               
                                               
                                               
                                               

After cycle: 3, changeflag = true
After cycle: 4, changeflag = true
After cycle: 5, changeflag = true
Image after cycle: 6
                                               
                                               
                                               
                                               
                               1               
                               1               
                               1               
                               1               
                               1               
                               1               
                               1               
                               1               
                              111              
                      1111111111111111111      
                              111              
                               1               
    1              1           1               
     1            1            1               
      1          1             1               
       1        1              1               
        1      1               1               
        1      1               1               
       1        1              1               
      1          1             1               
     1            1            1               
    1              1           1               
                               1               
                               1               
                               1               
                               1               
                               1               
                              111              
                      1111111111111111111      
                              111              
                               1               
                               1               
                               1               
                               1               
                               1               
                               1               
                               1               
                               1               
                                               
                                               
                                               
                                               
                                               

After cycle: 6, changeflag = true
After cycle: 7, changeflag = true
After cycle: 8, changeflag = false

Final secondAry Pretty Print	
                                               
                                               
                                               
                                               
                               1               
                               1               
                               1               
                               1               
                               1               
                               1               
                               1               
                               1               
                               1               
                      1111111111111111111      
                               1               
                               1               
    1              1           1               
     1            1            1               
      1          1             1               
       1        1              1               
        1      1               1               
        1      1               1               
       1        1              1               
      1          1             1               
     1            1            1               
    1              1           1               
                               1               
                               1               
                               1               
                               1               
                               1               
                               1               
                      1111111111111111111      
                               1               
                               1               
                               1               
                               1               
                               1               
                               1               
                               1               
                               1               
                               1               
                                               
                                               
                                               
                                               
                                               

