44 33 0 5 
                                 
                                 
                1                
               111               
     11       11211              
     11      1122211             
            112232211            
           11223332211           
          1122334332211          
          1223344433221          
          1233445443321          
          1234455544321          
   11111111233444443321111111    
          1223334333221          
          1122233322211          
           11122322111 1         
          1  1122211    1        
         1    11211      1       
        1      111        1      
       1        1                
                1                
    1           1                
   111          1                
   111         111        1      
    1          121       1       
              11211     1        
       1     1122211   1         
      1 1   112232211 1          
     1   1 11223332211           
          1122334332211          
          1223344433221          
          1233445443321          
          1234455544321          
          1233444443321          
          1223334333221          
          1122233322211111       
         1 11122322111    1      
        1    1122211       1     
       1      11211        1     
      1        121               
     1         111               
                1                
                                 
                                 

