Pass I	
                                 
                                 
                1                
               111               
     11       11211              
     11      1122211             
            112232211            
           11223332211           
          1122334332211          
          1223344433221          
          1233445443321          
          1234455544321          
   11111111234556554321111111    
          1234566654322          
          1234567654331          
           12345665442 1         
          1  1234555    1        
         1    12345      1       
        1      123        1      
       1        1                
                1                
    1           1                
   111          1                
   121         111        1      
    1          121       1       
              11211     1        
       1     1122211   1         
      1 1   112232211 1          
     1   1 11223332211           
          1122334332211          
          1223344433221          
          1233445443321          
          1234455544321          
          1234556554321          
          1234566654321          
          1234567654321111       
         1 12345665432    1      
        1    1234554       1     
       1      12345        1     
      1        123               
     1         121               
                1                
                                 
                                 

Pass II	
                                 
                                 
                1                
               111               
     11       11211              
     11      1122211             
            112232211            
           11223332211           
          1122334332211          
          1223344433221          
          1233445443321          
          1234455544321          
   11111111233444443321111111    
          1223334333221          
          1122233322211          
           11122322111 1         
          1  1122211    1        
         1    11211      1       
        1      111        1      
       1        1                
                1                
    1           1                
   111          1                
   111         111        1      
    1          121       1       
              11211     1        
       1     1122211   1         
      1 1   112232211 1          
     1   1 11223332211           
          1122334332211          
          1223344433221          
          1233445443321          
          1234455544321          
          1233444443321          
          1223334333221          
          1122233322211111       
         1 11122322111    1      
        1    1122211       1     
       1      11211        1     
      1        121               
     1         111               
                1                
                                 
                                 

prettyPrintDistace of the skeleton: 
                                 
                                 
                1                
                                 
     11         2                
     11                          
                3                
                                 
                4                
                                 
                5                
             4 555 4             
   1111111             111111    
                4                
                                 
                3      1         
          1             1        
         1      2        1       
        1                 1      
       1        1                
                1                
    1           1                
   111          1                
   111                    1      
    1           2        1       
                2       1        
       1               1         
      1 1       3     1          
     1   1                       
                4                
                                 
                5                
             4 555 4             
                                 
                4                
                       111       
         1      3         1      
        1                  1     
       1        2          1     
      1         2                
     1                           
                1                
                                 
                                 

