12.904696475404894 12.197589819218324 11.490483163031755 10.783376506845185 
6.36395653068211 5.656850249495209 4.949743968308307 4.242637687121406 
5.656850249495209 4.949743968308307 4.242637687121406 4.242637687121406 
4.949743968308307 4.242637687121406 4.242637687121406 3.5355314059345053 
4.242637687121406 4.242637687121406 3.5355314059345053 3.5355314059345053 
0.0 0.7071062811869011 0.7071062811869011 0.7071062811869011 
7000000.0 7000000.0 7000000.0 7000000.0 
0.0 0.0 1.4142125623738022 2.121318843560703 
0.0 1.4142125623738022 2.121318843560703 3.5355314059345053 
11.313700498990418 10.606594217803517 9.192381655429713 8.485275374242812 
8000000.0 8000000.0 8000000.0 8000000.0 
9.899487936616614 9.192381655429713 8.485275374242812 7.7781690930559115 
4.242637687121406 3.5355314059345053 2.8284251247476044 2.121318843560703 
3.5355314059345053 2.8284251247476044 2.121318843560703 1.4142125623738022 
2.8284251247476044 2.121318843560703 1.4142125623738022 0.7071062811869011 
2.121318843560703 1.4142125623738022 0.7071062811869011 0.0 
3000000.0 3000000.0 3000000.0 3000000.0 
3000000.0 3000000.0 3000000.0 3000000.0 
3000000.0 3000000.0 3000000.0 3000000.0 
3000000.0 3000000.0 3000000.0 3000000.0 
3000000.0 3000000.0 3000000.0 3000000.0 
3000000.0 3000000.0 3000000.0 3000000.0 
2.8284251247476044 3.5355314059345053 4.242637687121406 4.949743968308307 
3.5355314059345053 4.242637687121406 4.949743968308307 5.656850249495209 
4.242637687121406 4.949743968308307 5.656850249495209 6.36395653068211 
4.949743968308307 5.656850249495209 6.36395653068211 6.36395653068211 
5.656850249495209 6.36395653068211 6.36395653068211 5.656850249495209 
6.36395653068211 6.36395653068211 5.656850249495209 4.949743968308307 
0.0 0.7071062811869011 1.4142125623738022 2.121318843560703 
1.0E7 1.0E7 1.0E7 1.0E7 
1.0E7 1.0E7 1.0E7 1.0E7 
1.0E7 1.0E7 1.0E7 1.0E7 
1.0E7 1.0E7 1.0E7 1.0E7 
1.0E7 1.0E7 1.0E7 1.0E7 
12.72791306136422 12.020806780177319 11.313700498990418 10.606594217803517 
5.656850249495209 4.949743968308307 4.242637687121406 2.8284251247476044 
4.949743968308307 4.242637687121406 2.8284251247476044 2.121318843560703 
7000000.0 7000000.0 7000000.0 7000000.0 
8.485275374242812 7.7781690930559115 7.071062811869011 6.36395653068211 
6000000.0 6000000.0 6000000.0 6000000.0 
6000000.0 6000000.0 6000000.0 6000000.0 
6000000.0 6000000.0 6000000.0 6000000.0 
0.0 0.0 0.0 0.0 
0.0 0.0 0.0 0.7071062811869011 
0.0 0.0 0.7071062811869011 1.4142125623738022 
0.0 0.7071062811869011 1.4142125623738022 2.121318843560703 
4.242639187119815 4.949745718306451 5.656852249493086 6.363958780679723 
9.192381655429713 9.899487936616614 10.606594217803517 11.313700498990418 
9.899487936616614 10.606594217803517 11.313700498990418 12.020806780177319 
10.606594217803517 11.313700498990418 12.020806780177319 13.43501934255112 
11.313700498990418 12.020806780177319 13.43501934255112 14.849231904924922 
12.020806780177319 13.43501934255112 14.849231904924922 16.263444467298726 
25.45582612272844 26.87003868510224 28.284251247476043 29.698463809849844 
26.87003868510224 28.284251247476043 29.698463809849844 31.112676372223646 
28.284251247476043 29.698463809849844 31.112676372223646 31.81978265341055 
29.698463809849844 31.112676372223646 31.81978265341055 32.52688893459745 
31.112676372223646 31.81978265341055 32.52688893459745 33.23399521578435 
2.2E7 2.2E7 2.2E7 2.2E7 
2.2E7 2.2E7 2.2E7 2.2E7 
2.2E7 2.2E7 2.2E7 2.2E7 
0.0 0.7071062811869011 0.7071062811869011 0.7071062811869011 
2.1E7 2.1E7 2.1E7 2.1E7 
0.0 0.0 0.0 0.0 
0.0 0.0 0.0 0.7071062811869011 
0.0 0.0 0.7071062811869011 0.7071062811869011 
0.0 0.7071062811869011 0.7071062811869011 0.7071062811869011 
11.313700498990418 11.313700498990418 11.313700498990418 12.72791306136422 
0.0 0.0 1.4142125623738022 2.8284251247476044 
0.0 1.4142125623738022 2.8284251247476044 3.5355314059345053 
21.213188435607034 22.627400997980835 23.334507279167735 24.041613560354637 
22.627400997980835 23.334507279167735 24.041613560354637 25.45582612272844 
12.020806780177319 12.72791306136422 14.142125623738021 15.556338186111823 
12.72791306136422 14.142125623738021 15.556338186111823 16.970550748485625 
26.87003868510224 28.284251247476043 29.698463809849844 31.112676372223646 
28.284251247476043 29.698463809849844 31.112676372223646 32.52688893459745 
29.698463809849844 31.112676372223646 32.52688893459745 33.94110149697125 
31.112676372223646 32.52688893459745 33.94110149697125 33.94110149697125 
32.52688893459745 33.94110149697125 33.94110149697125 33.94110149697125 
33.94110149697125 33.94110149697125 33.94110149697125 33.94110149697125 
0.0 0.0 0.0 0.0 
0.0 0.0 0.0 0.0 
0.0 0.0 0.0 0.0 
0.0 0.0 0.0 0.0 
0.0 0.0 0.0 0.0 
0.0 0.0 0.0 0.0 
0.0 0.0 0.0 1.4142125623738022 
0.0 0.0 1.4142125623738022 2.8284251247476044 
0.0 1.4142125623738022 2.8284251247476044 4.242637687121406 
19.79897587323323 18.384763310859427 16.970550748485625 16.263444467298726 
18.384763310859427 16.970550748485625 16.263444467298726 15.556338186111823 

1 15 2 19.79897587323323 
2 14 2 18.384763310859427 
3 13 1 4.242637687121406 
4 12 0 0.0 
4 11 1 12.904696475404894 
4 10 1 6.36395653068211 
4 9 1 5.656850249495209 
4 8 1 4.949743968308307 
4 7 1 4.242637687121406 
4 6 0 0.0 
5 7 2 7000000.0 
6 7 0 0.0 
7 8 0 0.0 
8 9 1 11.313700498990418 
9 8 2 8000000.0 
10 8 2 9.899487936616614 
11 7 1 4.242637687121406 
11 6 1 3.5355314059345053 
11 5 1 2.8284251247476044 
11 4 1 2.121318843560703 
11 3 1 3000000.0 
12 3 1 3000000.0 
13 3 1 3000000.0 
14 3 1 3000000.0 
15 3 1 3000000.0 
16 3 1 3000000.0 
17 3 0 0.0 
17 4 0 0.0 
17 5 0 0.0 
17 6 1 4.949743968308307 
17 7 1 5.656850249495209 
17 8 4 6.36395653068211 
17 9 0 0.0 
18 10 1 1.0E7 
19 10 1 1.0E7 
20 10 2 1.0E7 
21 10 1 1.0E7 
22 10 1 1.0E7 
23 10 1 12.72791306136422 
24 9 1 5.656850249495209 
24 8 1 4.949743968308307 
24 7 1 7000000.0 
25 7 1 8.485275374242812 
26 6 1 6000000.0 
27 6 1 6000000.0 
28 6 1 6000000.0 
29 6 1 0.0 
30 7 0 0.0 
31 8 0 0.0 
32 9 0 0.0 
33 10 1 0.7071062811869011 
34 12 1 1.4142125623738022 
34 13 1 2.121318843560703 
34 14 1 6.363958780679723 
34 15 1 11.313700498990418 
34 16 1 12.020806780177319 
34 17 1 13.43501934255112 
33 18 1 14.849231904924922 
32 19 1 16.263444467298726 
31 20 1 29.698463809849844 
30 21 1 31.112676372223646 
29 22 2 2.2E7 
28 22 2 2.2E7 
27 22 2 2.2E7 
26 22 0 0.0 
25 21 2 2.1E7 
24 21 1 0.0 
23 20 0 0.0 
22 19 0 0.0 
21 18 0 0.0 
20 17 3 0.7071062811869011 
20 16 0 0.0 
19 15 0 0.0 
18 14 1 12.72791306136422 
17 15 1 2.8284251247476044 
16 16 1 3.5355314059345053 
16 17 1 24.041613560354637 
16 18 1 25.45582612272844 
15 19 1 15.556338186111823 
14 20 1 16.970550748485625 
13 21 1 31.112676372223646 
12 22 1 32.52688893459745 
11 23 4 33.94110149697125 
10 24 1 0.0 
9 23 1 0.0 
8 22 1 0.0 
7 21 1 0.0 
6 20 1 0.0 
5 19 1 0.0 
4 18 0 0.0 
3 17 0 0.0 
2 16 0 0.0 
