          1 1 1 1 1                          
          1 1 1 1 1                          
         1 1 1 1 1                           
         1 1 1 1 1                           
        1  1 1 1 1                           
        1 1 1 1  1                           
        1 1 1 1 1                            
       1 1  1 1 1                            
       1 1 1 1  1                            
      1  1 1 1 1                             
      1 1 1  1 1                             
     1  1 1 1  1                             
     1 1  1 1 1                              
     1 1 1  1 1                              
    1  1 1 1  1                              
    1 1  1 1 1                               
   1  1 1  1 1                               
   1 1  1 1  1                               
  1  1 1  1 1                                
  1 1  1  1 1                                
 1  1  1 1  1                                
 1  1 1  1 1                                 
 1 1  1 1  1                                 
1  1 1  1  1                                 
1 1  1  1 1                                  
1 1  1 1  1                                  
11  1  1  1                                  
 2  1 1  1                                   
 2 1  1  1                                   
1 11  1 1                                    
1 2  1  1                                    
1 2  1  1                                    
1 111  1                                     
 2 11  1                                     
 2  2 1                                      
11 11 1                                      
1 11 11                                      
1 2  2                                       
1 11 2                                       
1 111 1                                      
 2  2 1                                      
 2 11  1                                     
1 111  1                                     
1 11 1  1                                    
1 2  1  1                                    
1 11  1 1                                    
11 1  1  1                                   
 2  1 1  1                                   
 2  1  1  1                                  
1 1 1  1  1                                  
1 1  1  1  1                                 
1  1 1  1  1                                 
1  1  1  1 1                                 
 1 1  1  1  1                                
 1  1  1 1  1                                
 1  1  1  1  1                               
  1  1 1  1  1                               
  1  1  1  1 1                               
   1 1  1  1  1                              
   1  1  1 1  1                              
   1  1  1  1 1                              
    1  1 1  1  1                             
    1  1  1 1  1                             
     1 1  1  1 1                             
     1  1  1 1  1                            
      1 1  1  1 1                            
      1  1 1  1  1                           
      1  1  1 1  1                           
       1 1  1  1 1                           
       1  1 1  1  1                          
        1 1  1 1  1                          
        1  1 1  1 1                          
        1  1 1  1 1                          
         1 1  1 1  1                         
         1  1 1  1 1                         
          1 1 1  1 1                         
          1 1  1 1  1                        
          1  1 1  1 1                        
           1 1 1  1 1                        
           1 1  1 1 1                        
           1  1 1 1  1                       
            1 1 1  1 1                       
            1 1  1 1 1                       
             1 1 1 1 1                       
             1 1 1  1 1                      
             1 1  1 1 1                      
              1 1 1 1 1                      
              1 1 1 1 1                      
              1 1 1  1 1                     
               1 1 1 1 1                     
               1 1 1 1 1                     
               1 1 1 1 1                     
                1 1 11 1                     
                1 1 1 1 1                    
                1 1 1 1 1                    
                 11 1 1 1                    
                 1 11 1 1                    
                 1 1 11 1                    
                 1 1 1 11                    
                  11 1 11                    
                  1 11 1 1                   
                  1 1 11 1                   
                   11 11 1                   
                   11 11 1                   
                   1 11 11                   
                   1 11 11                   
                    111 11                   
                    11 111                   
                    11 111                   
                    1 1111                   
                     11111                   
                     11111                   
                     11111                   
                     11111                   
                     11111                   
                      1112                   
                      1112                   
                      1112                   
                      1112                   
                      1112                   
                      1112                   
                       212                   
                       212                   
                       122                   
                       122                   
                       122                   
                       122                   
                       122                   
                        32                   
                        32                   
                        41                   
                        41                   
                        5                    
                        5                    
                        5                    
                        5                    
                        5                    
                        5                    
                        5                    
                       14                    
                       23                    
                       23                    
                       23                    
                       32                    
                      122                    
                      122                    
                      122                    
                      212                    
                      221                    
                     1121                    
                     1211                    
                     1211                    
                     2111                    
                    11111                    
                    11111                    
                    11111                    
                   11111                     
                   11111                     
                   11111                     
                   11111                     
                  11 111                     
                  111 11                     
                  1111 1                     
                 1 111 1                     
                 11 111                      
                 111 11                      
                1 11 11                      
                11 11 1                      
                11 11 1                      
               1 11 1 1                      
               11 1 11                       
              1 1 11 1                       
              1 11 1 1                       
              11 1 1 1                       
             1 1 1 11                        
             1 1 11 1                        
             11 1 1 1                        
            1 1 1 1 1                        
            1 1 1 1 1                        
           1 1 1 1 1                         

