Pretty Print of line drawn
                                                                                                                                
                                                                                                                                
                                                                                                                                
                                                                                                                                
                                                                                                                                
                                                                                                                                
                                                                                                                                
                                                                                                                                
                                                                                                                                
                                                                                                                                
                                                                                                                                
                                                                                                                                
                                                                                                                                
                                                                                                                                
                                                                                                                                
                                                                                                                                
                                                                                                                                
                                                                                                                                
                                                                                                                                
                                                                                                                                
                                                                                                                                
                                                                                                                                
                                                                                                                                
                                                                                                                                
                                                                                                                                
                                                                                                                                
                                                                                                                                
                                                                                                                                
 11                                                                                                                             
   11                                                                                                                           
     1                                                                                                                          
      11                                                                                                                        
        11                                                                                                                      
          11                                                                                                                    
            1                                                                                                                   
             11                                                                                                                 
               11                                                                                                               
                 11                                                                                                             
                  11                                                                                                            
                    11                                                                                                          
                      11                                                                                                        
                        11                                                                                                      
                         11                                                                                                     
                           11                                                                                                   
                             11                                                                                                 
                               1                                                                                                
                                11                                                                                              
                                  11                                                                                            
                                    11                                                                                          
                                      1                                                                                         
                                       11                                                                                       
                                         11                                                                                     
                                           11                                                                                   
                                            11                                                                                  
                                              11                                                                                
                                                11                                                                              
                                                  11                                                                            
                                                   11                                                                           
                                                     11                                                                         
                                                       11                                                                       
                                                         1                                                                      
                                                          11                                                                    
                                                            11                                                                  
                                                              11                                                                
                                                                1                                                               
                                                                 11                                                             
                                                                   11                                                           
                                                                     11                                                         
                                                                      11                                                        
                                                                        11                                                      
                                                                          11                                                    
                                                                            1                                                   
                                                                             11                                                 
                                                                               11                                               
                                                                                 11                                             
                                                                                   1                                            
                                                                                    11                                          
                                                                                      11                                        
                                                                                        11                                      
                                                                                         11                                     
                                                                                           11                                   
                                                                                             11                                 
                                                                                               11                               
                                                                                                11                              
                                                                                                  11                            
                                                                                                    11                          
                                                                                                      1                         
                                                                                                       11                       
                                                                                                         11                     
                                                                                                           11                   
                                                                                                             1                  
                                                                                                              11                
                                                                                                                11              
                                                                                                                  11            
                                                                                                                   11           
                                                                                                                     11         
                                                                                                                       11       
                                                                                                                         11     
                                                                                                                          11    
                                                                                                                            11  
                                                                                                                              1 
                                                                                                                                
                                                                                                                                
                                                                                                                                
                                                                                                                                
                                                                                                                                
                                                                                                                                
                                                                                                                                
                                                                                                                                
                                                                                                                                
                                                                                                                                
                                                                                                                                
                                                                                                                                
                                                                                                                                
                                                                                                                                
                                                                                                                                
                                                                                                                                
                                                                                                                                
                                                                                                                                
                                                                                                                                
                                                                                                                                
                                                                                                                                
                                                                                                                                
                                                                                                                                
                                                                                                                                
                                                                                                                                
                                                                                                                                
                                                                                                                                

