2 16 1   5
3 15 1   3 4 5
4 14 1   3 4 5
5 13 1   3 4 5
6 12 1   3 4 5
7 11 1   3 4 5
8 10 1   3 4 5 6
9 10 1   5 6
10 10 1   5 6
11 10 1   5 6
12 10 1   5
13 9 1   3 4 5 6 7
14 10 1   5 6 7
15 11 1   5
16 10 1   3 4 5
17 9 1   3 4 5
18 8 1   3 4 5 6
19 8 1   5 6
20 8 1   5 6 7 0 1 2
19 8 1   1 2
18 8 1   1
17 9 1   7 0 1
16 10 1   7 0 1
15 11 1   7 0
15 12 1   7
16 13 1   5 6 7
17 14 1   5 6 7
18 15 1   5 6 7
19 16 1   5 6 7 0 1
18 17 1   7
19 18 1   5 6 7
20 19 1   5 6 7 0 1 2
19 19 1   1
18 20 1   7
19 21 1   5 6
20 21 1   5 6 7
21 22 1   5 6 7
22 23 1   5 6 7 0
22 24 1   7 0 1
21 25 1   7 0
21 26 1   7 0
21 27 1   7 0
21 28 1   7 0 1
20 29 1   7 0 1
19 30 1   7 0 1 2
18 30 1   1 2
17 30 1   1 2
16 30 1   1 2 3
15 29 1   1 2 3 4 5
16 28 1   3 4 5 6
17 28 1   5
18 27 1   3 4
18 26 1   3
17 25 1   1 2 3
16 24 1   1 2 3
15 23 1   1 2 3
14 22 1   1 2
13 22 1   1
12 23 1   7 0
12 24 1   7 0
12 25 1   7 0
12 26 1   7 0
12 27 1   7 0
12 28 1   7 0 1
11 29 1   7 0 1 2 3
10 28 1   1 2 3
9 27 1   1
8 28 1   7 0 1 2 3
7 27 1   1 2 3
6 26 1   1
5 27 1   7 0 1 2
4 27 1   1 2
3 27 1   1 2 3 4 5 6
4 27 1   5 6
5 27 1   5
6 26 1   3 4 5 6 7
7 27 1   5 6 7
8 28 1   5
9 27 1   3 4 5 6 7
10 28 1   5 6 7
11 29 1   5
12 28 1   3 4
12 27 1   3 4
12 26 1   3 4
12 25 1   3 4
12 24 1   3 4
12 23 1   3
11 22 1   1 2
10 22 1   1 2
9 22 1   1 2
8 22 1   1 2 3
7 21 1   1 2 3
6 20 1   1 2 3
5 19 1   1 2 3
4 18 1   1 2 3
3 17 1   1 2 3
2 16 1  

3 8 2   1 2 3 4 5 6 7
4 9 2   5
5 8 2   3 4 5 6
6 8 2   5 6
7 8 2   5 6
8 8 2   5 6
9 8 2   5 6
10 8 2   5
11 7 2   3 4 5 6
12 7 2   5 6
13 7 2   5
14 6 2   3 4
14 5 2   3 4 5 6 7 0
14 6 2   7 0
14 7 2   7 0 1 2
13 7 2   1 2
12 7 2   1
11 8 2   7 0 1 2
10 8 2   1 2
9 8 2   1 2
8 8 2   1 2
7 8 2   1 2
6 8 2   1 2
5 8 2   1
4 9 2   7 0 1 2 3
3 8 2  

4 3 3   1 2 3 4 5 6 7
5 4 3   5 6 7
6 5 3   5 6 7
7 6 3   5
8 5 3   3 4 5 6 7
9 6 3   5
10 5 3   3 4 5 6
11 5 3   5
12 4 3   3 4
12 3 3   3 4 5 6
13 3 3   5 6
14 3 3   5 6
15 3 3   5 6 7
16 4 3   5 6 7
17 5 3   5 6
18 5 3   5 6
19 5 3   5 6
20 5 3   5 6
21 5 3   5 6 7
22 6 3   5 6 7 0 1 2 3
21 5 3   1 2
20 5 3   1
19 6 3   7 0 1 2 3
18 5 3   1 2
17 5 3   1 2 3
16 4 3   1 2 3
15 3 3   1 2
14 3 3   1 2
13 3 3   1
12 4 3   7 0
12 5 3   7 0 1 2
11 5 3   1 2
10 5 3   1
9 6 3   7 0 1 2 3
8 5 3   1
7 6 3   7 0 1 2 3
6 5 3   1 2 3
5 4 3   1 2 3
4 3 3  

21 16 4   1 2 3 4 5 6
22 16 4   5
23 15 4   3 4 5 6
24 15 4   5
25 14 4   3 4 5
26 13 4   3 4 5
27 12 4   3 4 5
28 11 4   3 4 5
29 10 4   3
28 9 4   1 2 3
27 8 4   1 2 3
26 7 4   1 2
25 7 4   1
24 8 4   7 0 1 2 3 4 5
25 7 4   3 4
25 6 4   3
24 5 4   1 2 3 4 5 6 7
25 6 4   5 6 7
26 7 4   5
27 6 4   3 4 5
28 5 4   3 4 5 6 7 0 1
27 6 4   7 0 1
26 7 4   7
27 8 4   5 6 7
28 9 4   5 6 7
29 10 4   5 6
30 10 4   5 6
31 10 4   5 6
32 10 4   5 6
33 10 4   5 6
34 10 4   5 6
35 10 4   5
36 9 4   3 4 5
37 8 4   3 4 5
38 7 4   3 4
38 6 4   3
37 5 4   1 2 3
36 4 4   1 2 3 4 5 6 7
37 5 4   5 6 7
38 6 4   5 6
39 6 4   5
40 5 4   3
39 4 4   1 2 3
38 3 4   1 2 3 4 5 6 7
39 4 4   5 6 7
40 5 4   5 6 7 0 1
39 6 4   7 0 1
38 7 4   7 0 1
37 8 4   7 0 1
36 9 4   7 0 1
35 10 4   7
36 11 4   5 6 7 0
36 12 4   7
37 13 4   5 6 7
38 14 4   5 6 7
39 15 4   5 6
40 15 4   5 6 7
41 16 4   5 6 7 0 1
40 17 4   7 0 1 2
39 17 4   1
38 18 4   7 0 1
37 19 4   7 0 1
36 20 4   7 0
36 21 4   7 0 1
35 22 4   7 0 1 2
34 22 4   1 2
33 22 4   1 2
32 22 4   1 2
31 22 4   1 2
30 22 4   1 2
29 22 4   1 2 3
28 21 4   1
27 22 4   7 0 1
26 23 4   7 0 1
25 24 4   7 0 1
24 25 4   7 0 1
23 26 4   7 0 1 2 3 4 5
24 25 4   3 4 5
25 24 4   3 4 5
26 23 4   3 4 5
27 22 4   3 4 5
28 21 4   3
27 20 4   1 2 3
26 19 4   1 2 3
25 18 4   1 2 3
24 17 4   1 2
23 17 4   1 2 3
22 16 4   1 2
21 16 4  

32 4 5   1 2 3 4 5 6 7
33 5 5   5 6
34 5 5   5 6 7
35 6 5   5 6 7 0 1 2 3
34 5 5   1 2
33 5 5   1 2 3
32 4 5  

