                                 
                                 
                1                
        2      111         1     
   3     2    11111        1     
    3   2    1111111       1     
     3  2   111111111     1      
      3 2  11111111111     1     
     3  2 1111111111111     1    
      3 2 1111111111111    1     
     3  2 1111111111111     1    
     3 22 1111111111111      1   
   333 2  1111111111111111111    
   3   2 11111111111111          
   3 222  1111111111111          
   3       11111111111 1     1   
    3     1  1111111    1   1 1  
     3   1    11111      1  1 1  
     3  1      111  1     11  1  
     33 1       1 11 1        1  
     3  1          1 1       1   
     3          4     1  1111    
      3         4      11        
               444        4      
     4  4      444       4       
      44      44444     4        
       4     4444444   4         
      4 4   444444444 4          
     4   4 44444444444           
          4444444444444          
          4444444444444          
          4444444444444          
    5     4444444444444          
     5    4444444444444          
     5    4444444444444          
      5   4444444444444          
    4    4 44444444444           
     4  4    4444444             
   4  44      44444              
    4 4        444               
     4         444               
                4                
                                 
                                 

