2 16 1   5
3 15 1   3 4 5
4 14 1   3 4 5
5 13 1   3 4 5
6 12 1   3 4 5
7 11 1   3 4 5
8 10 1   3 4 5 6
9 10 1   5 6
10 10 1   5 6
11 10 1   5 6
12 10 1   5 6
13 10 1   5 6
14 10 1   5 6 7
15 11 1   5 6 7 0
15 12 1   7
16 13 1   5 6 7
17 14 1   5 6 7
18 15 1   5 6
19 15 1   5 6
20 15 1   5
21 14 1   3 4 5
22 13 1   3 4 5
23 12 1   3 4 5
24 11 1   3 4 5
25 10 1   3 4 5 6
26 10 1   5 6
27 10 1   5 6
28 10 1   5 6
29 10 1   5 6
30 10 1   5 6
31 10 1   5 6 7
32 11 1   5 6 7 0
32 12 1   7
33 13 1   5 6 7
34 14 1   5 6 7
35 15 1   5 6
36 15 1   5 6 7
37 16 1   5 6 7 0 1
36 17 1   7 0 1 2
35 17 1   1
34 18 1   7 0 1
33 19 1   7 0 1
32 20 1   7 0
32 21 1   7 0 1
31 22 1   7 0 1 2
30 22 1   1 2
29 22 1   1 2
28 22 1   1 2
27 22 1   1 2
26 22 1   1 2
25 22 1   1 2 3
24 21 1   1 2 3
23 20 1   1 2 3
22 19 1   1 2 3
21 18 1   1 2 3
20 17 1   1 2
19 17 1   1 2
18 17 1   1
17 18 1   7 0 1
16 19 1   7 0 1
15 20 1   7 0
15 21 1   7 0 1
14 22 1   7 0 1 2
13 22 1   1 2
12 22 1   1 2
11 22 1   1 2
10 22 1   1 2
9 22 1   1 2
8 22 1   1 2 3
7 21 1   1 2 3
6 20 1   1 2 3
5 19 1   1 2 3
4 18 1   1 2 3
3 17 1   1 2 3
2 16 1  

