48 48 0 300 
0 0 0 0 0 0 0 0 0 0 0 0 0 0 0 0 0 0 0 0 0 0 0 0 0 0 0 0 0 0 0 0 0 0 0 0 0 0 0 0 0 0 0 0 0 0 0 0 
0 4 4 8 8 108 112 112 8 8 8 12 12 8 8 8 12 12 8 8 8 12 12 8 8 8 12 12 88 88 72 12 12 8 8 8 12 12 8 8 8 12 12 8 8 8 4 0 
0 10 2 8 8 108 12 112 8 8 88 168 192 92 8 8 12 12 8 8 8 12 12 98 98 82 12 12 168 88 152 12 12 8 8 8 12 32 12 8 8 12 12 8 8 8 4 0 
0 14 6 8 8 108 112 112 8 8 188 288 292 192 8 8 12 12 8 8 8 12 12 188 98 172 12 12 168 8 152 12 12 8 8 8 8 12 12 8 8 12 12 8 8 8 4 0 
0 18 34 48 32 8 12 12 88 88 108 268 292 192 8 8 12 12 8 8 8 12 12 188 28 172 12 12 168 8 152 72 72 8 8 8 12 32 12 8 8 12 12 8 8 8 4 0 
0 22 30 8 32 8 12 12 88 88 52 112 212 92 8 8 12 12 8 8 8 12 12 168 22 152 12 12 168 88 92 92 72 8 8 8 12 12 8 8 8 12 12 8 8 8 4 0 
0 26 22 48 32 8 12 12 88 168 72 172 12 8 8 8 12 26 8 8 8 12 12 154 8 138 12 12 68 148 12 152 72 8 8 8 12 12 64 64 48 12 12 8 8 8 4 0 
0 30 22 8 8 8 12 12 108 188 72 172 12 8 8 8 2 12 6 8 8 12 12 154 84 138 12 8 8 148 88 172 92 8 8 108 112 112 64 8 48 12 12 8 8 8 4 0 
0 34 26 8 8 8 12 12 108 88 172 92 12 8 8 8 12 26 8 8 8 12 80 170 96 150 100 12 28 88 88 92 92 8 8 108 12 112 64 64 48 12 12 8 8 8 4 0 
0 38 50 88 88 72 12 12 108 108 92 12 12 8 8 8 12 12 8 8 8 82 178 172 182 240 274 98 88 168 8 172 92 8 8 108 112 112 8 8 8 12 12 8 8 8 4 0 
0 30 30 68 8 72 12 32 12 8 8 12 12 8 8 8 12 12 8 8 94 232 66 98 244 16 260 278 88 88 72 92 12 8 8 8 12 12 8 8 8 12 12 8 8 8 4 0 
0 34 34 88 88 8 188 192 112 8 8 12 12 8 8 8 12 12 8 96 268 232 176 138 242 168 80 278 192 76 72 92 48 28 8 8 12 12 8 28 28 32 12 8 8 8 4 0 
0 10 2 8 8 188 288 272 192 8 8 12 12 8 8 8 12 12 10 106 170 138 218 130 154 242 176 160 158 74 78 56 12 28 8 8 12 12 8 108 88 112 12 8 8 8 4 0 
0 38 78 88 88 192 184 184 200 116 114 118 132 136 132 136 140 158 216 248 144 54 104 162 114 46 62 68 70 116 104 82 70 90 78 66 70 72 56 108 12 112 12 8 28 28 16 0 
0 34 72 46 30 112 202 202 90 6 6 2 0 4 4 12 4 106 226 210 168 198 122 140 188 184 146 162 164 174 184 94 8 8 4 4 10 10 6 60 92 92 48 68 32 8 16 0 
0 18 104 88 110 92 96 110 118 116 114 118 132 136 132 136 132 156 118 54 54 130 24 90 46 82 60 88 70 18 84 180 106 90 78 66 70 72 56 40 88 112 52 8 52 28 16 0 
0 26 20 46 10 28 32 12 8 8 8 12 12 8 8 94 262 266 80 26 26 54 52 54 98 88 60 24 92 4 88 274 278 86 8 100 104 104 8 8 108 12 112 68 52 8 4 0 
0 30 22 8 28 8 32 12 8 8 8 12 12 8 96 254 248 78 22 12 4 8 10 12 76 10 88 4 88 92 0 176 102 184 84 100 12 104 8 8 108 112 112 8 8 8 4 0 
0 34 26 8 28 28 32 32 28 12 8 12 12 98 274 254 88 30 38 42 28 24 28 52 116 142 88 4 4 76 250 170 88 184 266 10 104 104 8 8 8 12 12 28 28 12 4 0 
0 38 30 8 8 28 12 12 8 12 8 12 80 280 274 14 72 102 8 106 90 84 8 34 36 110 112 84 2 82 168 88 258 90 266 260 100 12 28 12 8 12 12 28 8 12 4 0 
0 50 70 108 92 28 32 12 8 12 8 82 266 300 112 106 0 110 24 114 40 130 60 46 54 138 28 84 82 80 160 122 122 40 88 260 274 78 8 12 8 12 32 8 28 12 4 0 
0 34 102 8 92 8 12 8 8 12 94 262 286 134 20 106 86 70 16 88 128 70 40 34 14 72 92 92 168 166 168 46 86 40 20 66 254 258 158 84 8 8 12 12 28 28 16 0 
0 42 82 28 72 92 96 96 98 102 200 202 80 74 94 66 52 36 38 54 92 114 58 14 44 54 74 66 166 90 78 126 132 88 128 116 100 66 148 132 12 12 32 12 48 28 36 0 
0 38 38 8 8 12 2 2 100 184 180 96 26 20 108 96 82 36 56 52 42 70 92 46 16 24 26 26 132 154 88 98 84 12 28 28 16 4 100 202 102 12 12 8 48 28 36 0 
0 22 70 88 92 88 74 72 162 74 22 92 84 78 142 54 120 10 50 86 84 58 68 70 68 50 44 30 172 88 24 98 154 100 108 36 116 124 134 226 240 186 152 190 154 62 16 0 
0 22 14 98 82 4 4 6 96 12 10 104 0 24 88 88 74 18 44 32 10 34 40 42 48 98 108 92 210 80 106 116 104 0 80 60 140 60 20 88 66 46 6 44 84 82 4 0 
0 26 18 98 172 168 172 180 270 184 90 24 104 80 12 12 2 16 48 50 10 34 34 36 124 16 104 88 258 178 124 212 80 0 86 66 86 60 90 246 240 186 152 190 174 82 4 0 
0 30 22 8 8 8 12 36 74 274 268 80 28 108 40 14 12 60 118 178 200 162 110 0 118 100 108 20 100 248 88 256 248 80 86 60 146 32 272 266 82 12 32 12 8 8 4 0 
0 34 26 8 8 8 12 12 16 96 268 182 108 80 26 12 14 60 148 142 128 162 110 30 18 0 52 60 40 172 180 100 256 248 2 86 8 278 272 84 8 8 12 12 8 8 4 0 
0 38 30 8 8 8 12 36 16 8 94 262 294 122 28 14 104 90 40 250 210 242 80 60 72 72 72 20 60 172 264 164 0 248 176 86 274 278 86 8 8 12 12 12 12 8 4 0 
0 10 54 88 88 92 96 110 118 116 114 108 146 148 54 54 126 36 114 144 174 104 24 94 46 106 60 6 66 76 96 162 170 148 188 202 214 72 56 40 12 12 8 8 12 28 16 0 
0 54 42 8 8 12 2 2 10 6 6 2 92 186 92 8 80 110 70 90 60 30 38 80 72 52 6 6 84 86 70 80 90 68 80 182 98 10 6 20 32 52 12 28 28 8 16 0 
0 30 58 72 88 92 96 110 118 116 114 118 132 226 220 54 46 36 44 54 114 54 24 34 46 54 60 66 150 76 156 166 170 148 78 152 70 72 56 48 28 32 32 8 28 28 16 0 
0 18 6 12 8 28 32 32 8 8 8 12 12 98 274 268 88 14 46 38 50 16 16 16 12 12 10 10 72 72 40 120 256 24 94 82 12 12 8 28 88 92 112 8 8 8 4 0 
0 6 26 12 84 204 188 132 88 72 8 12 12 8 96 268 262 190 188 180 188 182 176 180 176 178 176 178 176 208 176 142 198 104 8 8 12 12 8 8 108 12 112 8 8 8 4 0 
0 22 14 8 84 128 108 52 8 72 8 12 12 8 8 94 174 164 68 46 46 172 166 162 170 172 84 170 172 128 46 146 190 86 8 8 12 12 8 8 108 112 112 8 8 8 4 0 
0 26 18 8 84 184 188 112 88 72 8 12 36 16 8 8 12 90 178 196 264 210 96 82 16 176 178 264 108 176 94 102 12 8 8 8 12 12 8 8 8 12 12 8 8 8 4 0 
0 30 22 8 8 100 104 104 8 8 8 12 12 16 8 8 12 80 280 294 120 162 162 234 82 174 162 240 148 18 180 100 12 8 8 8 12 12 8 8 8 12 12 8 8 8 4 0 
0 34 26 8 8 100 12 104 28 12 8 12 36 16 8 8 12 12 98 274 168 80 88 254 248 254 162 92 172 186 82 12 12 8 8 8 12 12 8 8 8 12 12 8 8 8 4 0 
0 38 30 8 8 100 104 84 8 12 8 12 12 8 8 8 12 12 8 96 248 242 66 100 114 174 20 258 252 84 8 12 12 8 8 8 12 12 8 8 8 12 12 8 8 8 4 0 
0 50 30 8 88 88 92 12 28 12 8 12 12 28 12 8 12 12 8 8 94 262 266 60 0 60 274 278 86 8 8 12 12 8 8 108 112 112 8 8 108 112 112 8 8 8 4 0 
0 34 14 8 176 96 180 12 8 8 108 188 192 112 32 8 12 12 8 8 8 82 266 220 32 200 274 98 8 8 8 12 12 8 8 108 12 112 8 8 108 12 112 8 8 8 4 0 
0 10 2 8 176 88 180 192 92 8 108 88 92 112 32 8 12 12 8 8 8 12 80 280 96 260 100 12 8 8 8 12 12 8 86 86 112 112 8 8 108 112 112 8 8 8 4 0 
0 14 6 8 96 176 88 92 92 8 108 188 212 112 8 28 32 12 8 8 8 12 12 188 8 172 12 12 8 8 8 12 12 80 258 164 190 12 88 88 72 12 12 68 68 52 4 0 
0 18 10 8 8 88 168 172 92 88 88 92 12 8 28 8 32 12 8 8 8 12 12 188 8 172 12 12 8 8 8 12 12 80 186 142 190 12 88 8 72 12 12 68 8 52 4 0 
0 22 14 8 8 8 8 12 12 88 8 92 12 8 28 28 32 12 8 8 8 12 12 188 98 172 12 12 8 8 8 12 12 80 180 164 112 12 88 88 72 12 12 68 68 52 4 0 
0 22 16 8 8 8 12 32 12 88 88 92 12 8 8 8 12 12 8 8 8 12 12 98 98 82 12 12 8 8 8 12 12 8 8 8 12 12 8 8 8 12 12 8 8 8 4 0 
0 0 0 0 0 0 0 0 0 0 0 0 0 0 0 0 0 0 0 0 0 0 0 0 0 0 0 0 0 0 0 0 0 0 0 0 0 0 0 0 0 0 0 0 0 0 0 0 

