48 48 0 376 
0 0 0 0 0 0 0 0 0 0 0 0 0 0 0 0 0 0 0 0 0 0 0 0 0 0 0 0 0 0 0 0 0 0 0 0 0 0 0 0 0 0 0 0 0 0 0 0 
0 4 6 10 12 210 102 4 10 12 14 4 4 10 12 14 4 4 10 12 14 4 4 10 12 14 4 4 166 88 14 4 4 10 12 14 4 4 10 12 14 4 4 10 12 14 12 0 
0 8 6 10 12 114 4 104 10 12 170 282 104 10 12 14 4 4 10 12 14 4 4 186 98 14 4 4 166 88 90 4 4 10 12 14 42 24 10 12 14 4 4 10 12 14 12 0 
0 8 6 10 12 114 98 102 10 12 210 302 184 106 12 14 4 4 10 12 14 4 4 186 98 100 4 4 170 12 66 4 4 10 12 14 16 4 26 12 14 4 4 10 12 14 12 0 
0 8 86 46 12 14 4 4 166 88 194 196 82 90 12 14 4 4 10 12 14 4 4 190 12 76 4 4 170 12 130 62 4 10 12 14 18 16 14 12 14 4 4 10 12 14 12 0 
0 8 40 10 48 14 4 4 90 168 114 198 196 94 12 14 4 4 10 12 14 4 4 170 12 76 4 4 170 88 90 4 64 10 12 14 4 4 10 12 14 4 4 10 12 14 12 0 
0 8 38 34 32 14 4 4 90 92 66 82 4 10 12 14 30 18 10 12 14 4 4 156 12 56 4 44 90 92 50 22 62 10 12 14 4 4 118 64 14 4 4 10 12 14 12 0 
0 8 6 10 12 14 4 4 206 172 70 84 4 10 12 14 10 4 20 12 14 4 4 156 68 62 4 18 10 172 90 84 4 10 12 210 102 4 66 12 66 4 4 10 12 14 12 0 
0 10 6 10 12 14 4 4 110 92 30 84 4 10 12 14 12 10 8 12 14 4 188 168 184 56 4 18 14 72 94 84 84 10 12 114 4 104 66 48 46 4 4 10 12 14 12 0 
0 48 26 166 88 14 4 4 110 92 90 4 4 10 12 14 4 4 10 12 14 190 106 190 366 340 176 4 166 92 94 4 82 10 12 114 98 102 10 12 14 4 4 10 12 14 12 0 
0 12 10 90 12 90 42 24 10 12 14 4 4 10 12 14 4 4 10 12 182 216 94 170 96 188 276 184 90 92 90 84 4 10 12 14 4 4 10 12 14 4 4 10 12 14 12 0 
0 52 34 94 72 90 282 104 26 12 14 4 4 10 12 14 4 4 10 184 270 182 94 94 170 96 176 282 112 92 70 154 40 10 12 14 4 4 10 48 30 4 4 10 12 14 12 0 
0 8 6 10 12 210 282 164 86 12 14 4 4 10 12 14 4 4 10 100 186 154 80 46 170 184 138 52 84 92 70 78 4 42 12 14 4 4 10 168 90 22 4 10 12 14 12 0 
0 88 126 126 128 194 196 86 172 168 170 188 202 196 194 204 224 266 326 270 176 40 72 130 112 88 84 92 74 80 148 114 110 90 110 94 96 94 74 112 14 62 4 10 48 30 12 0 
0 38 82 84 52 158 158 152 40 64 68 62 64 72 74 80 74 254 354 356 376 222 292 344 338 284 298 316 304 310 142 50 44 60 52 48 34 30 40 92 50 84 124 66 32 14 30 0 
0 36 78 114 74 114 136 148 158 154 152 170 182 188 182 180 16 116 136 126 96 42 86 76 156 170 182 162 92 118 218 34 134 130 106 86 90 84 76 40 190 102 58 10 48 14 10 0 
0 8 36 32 26 30 4 4 10 12 14 4 4 10 12 182 276 190 190 96 96 134 134 172 96 68 124 124 92 96 94 276 184 10 12 194 94 4 10 12 114 4 58 54 52 14 12 0 
0 8 6 10 32 14 22 4 10 12 14 4 4 10 184 242 184 182 88 96 86 82 84 86 84 96 96 96 184 180 184 74 194 192 12 106 4 96 10 12 114 98 102 10 12 14 12 0 
0 10 6 10 32 30 24 44 26 12 14 4 4 186 274 184 184 130 134 114 132 132 126 184 280 222 184 100 100 100 148 14 100 190 190 106 90 94 10 12 14 4 4 46 28 14 12 0 
0 12 8 10 12 34 4 24 10 28 14 4 188 278 188 172 96 126 104 104 90 102 110 122 132 96 96 96 96 94 74 112 190 274 274 188 4 44 26 12 14 4 4 30 12 30 12 0 
0 14 206 106 12 34 18 4 10 12 14 190 282 228 208 96 96 120 96 72 96 96 96 122 124 42 68 96 94 96 256 178 178 96 184 270 176 18 10 28 14 42 24 30 12 10 12 0 
0 32 88 10 108 14 4 18 10 28 182 276 230 210 96 202 150 182 96 184 186 186 96 96 96 168 196 188 78 150 154 90 176 96 96 162 276 348 78 12 14 16 4 26 48 30 12 0 
0 88 106 26 88 138 154 146 152 148 170 184 202 116 96 76 80 96 128 180 212 180 128 116 84 96 104 96 78 60 90 70 96 136 76 96 10 94 168 120 14 18 16 14 48 30 30 0 
0 40 44 50 52 58 50 52 240 328 240 156 90 68 126 76 86 96 134 138 182 186 114 76 128 108 114 120 84 94 130 154 136 56 68 64 60 36 126 80 30 4 4 10 52 14 10 0 
0 38 74 66 126 132 114 118 102 98 118 240 206 178 176 170 106 116 136 146 116 86 102 138 130 118 186 110 52 136 106 138 162 236 92 184 272 280 250 298 340 196 242 278 78 14 10 0 
0 8 6 100 86 100 78 90 180 188 96 120 96 120 184 184 184 156 112 124 116 92 76 112 136 100 96 40 64 180 74 212 164 96 96 96 96 96 96 8 10 90 90 100 100 100 12 0 
0 8 6 100 156 240 240 256 248 16 186 200 96 72 96 96 110 114 110 148 106 140 160 136 102 118 96 200 274 114 150 96 132 96 16 90 176 96 76 150 144 226 228 230 174 80 12 0 
0 8 6 10 12 14 50 28 100 188 96 96 152 96 124 110 96 66 110 276 176 66 126 96 238 196 224 116 176 88 96 184 96 96 96 156 96 156 176 82 80 42 24 10 12 14 12 0 
0 10 6 10 12 14 20 4 30 100 186 16 176 176 136 108 122 156 76 74 72 96 126 96 78 96 116 96 116 72 72 96 176 96 182 182 182 182 86 84 14 16 4 26 12 14 12 0 
0 12 8 10 12 14 22 20 18 12 100 184 124 96 82 96 98 96 184 266 306 178 176 96 108 96 64 96 76 184 272 108 96 176 96 96 178 90 88 12 14 18 24 10 12 14 12 0 
0 68 126 126 128 138 154 166 172 168 170 94 182 96 96 96 44 96 94 300 294 200 96 42 96 96 64 96 156 64 136 222 216 176 184 80 92 88 74 28 14 4 18 10 68 30 12 0 
0 32 28 50 52 58 50 52 66 64 68 62 156 162 70 76 160 166 210 126 120 126 120 156 142 136 70 68 96 56 60 24 40 136 128 130 58 30 40 76 90 22 18 14 12 14 30 0 
0 42 54 114 112 114 136 148 158 154 152 170 182 188 96 170 158 132 88 126 96 66 86 130 156 170 182 190 198 206 138 62 26 112 102 4 90 84 76 40 14 22 24 10 32 14 10 0 
0 20 6 26 12 50 22 4 10 12 14 4 4 100 188 96 96 96 118 124 156 96 96 96 96 96 96 96 168 96 176 176 80 88 82 80 4 4 10 32 170 62 22 10 12 14 12 0 
0 18 14 14 160 286 102 184 86 12 14 4 4 10 100 186 254 168 168 182 180 178 168 184 168 180 168 178 168 176 168 140 84 82 8 14 4 4 10 12 114 4 104 10 12 14 12 0 
0 8 6 10 88 134 58 84 10 88 14 4 4 10 12 100 178 70 34 84 126 242 230 220 256 64 166 242 232 24 124 226 178 88 12 14 4 4 10 12 114 98 102 10 12 14 12 0 
0 8 6 10 88 166 174 176 74 72 14 50 28 10 12 14 4 94 174 360 200 300 96 8 18 184 266 200 188 96 20 92 6 10 12 14 4 4 10 12 14 4 4 10 12 14 12 0 
0 8 6 10 12 194 94 4 10 12 14 20 4 30 12 14 4 90 190 116 124 238 238 178 6 184 154 256 176 96 4 92 4 10 12 14 4 4 10 12 14 4 4 10 12 14 12 0 
0 10 6 10 12 106 4 136 26 12 14 22 20 18 12 14 4 4 100 188 4 176 244 270 338 190 164 16 116 2 80 4 4 10 12 14 4 4 10 12 14 4 4 10 12 14 12 0 
0 12 8 10 12 106 90 88 10 28 14 4 4 10 12 14 4 4 10 100 166 96 136 76 230 270 170 162 66 84 14 4 4 10 12 14 4 4 10 12 14 4 4 10 12 14 12 0 
0 14 10 10 168 90 4 18 14 12 14 4 44 26 12 14 4 4 10 12 100 184 96 96 96 136 178 90 88 12 14 4 4 10 12 210 102 4 10 12 210 102 4 10 12 14 12 0 
0 32 14 10 184 98 82 4 10 12 210 302 144 26 28 14 4 4 10 12 14 92 182 36 96 104 92 88 10 12 14 4 4 10 12 114 4 104 10 12 114 4 104 10 12 14 12 0 
0 8 6 10 180 90 290 104 10 12 114 96 84 86 8 14 4 4 10 12 14 4 90 190 172 78 92 4 10 12 14 4 4 10 164 114 98 102 10 12 114 98 102 10 12 14 12 0 
0 8 6 10 100 94 86 84 106 12 114 198 216 114 28 30 4 4 10 12 14 4 4 190 12 76 4 4 10 12 14 4 4 150 280 110 80 4 166 88 14 4 4 126 68 14 12 0 
0 8 6 10 12 94 138 156 94 168 90 4 4 10 32 14 22 4 10 12 14 4 4 190 12 76 4 4 10 12 14 4 4 82 190 14 82 4 90 12 90 4 4 70 12 70 12 0 
0 8 6 10 12 14 16 4 26 92 14 82 4 10 32 14 24 4 10 12 14 4 4 190 82 76 4 4 10 12 14 4 4 82 164 162 104 4 90 72 70 4 4 70 52 50 12 0 
0 6 6 10 12 14 18 16 14 92 70 84 4 10 12 14 4 4 10 12 14 4 4 100 82 80 4 4 10 12 14 4 4 10 12 14 4 4 10 12 14 4 4 10 12 14 12 0 
0 0 0 0 0 0 0 0 0 0 0 0 0 0 0 0 0 0 0 0 0 0 0 0 0 0 0 0 0 0 0 0 0 0 0 0 0 0 0 0 0 0 0 0 0 0 0 0 

